inherit_from: "configs/mono/waymo/base_config.yaml"

Dataset:
  dataset_path: "datasets/waymo/106762/FRONT"
  Calibration:
    fx: 2086.005616616027 
    fy: 2086.005616616027 
    cx: 957.80023934405 
    cy: 641.8962765156448
    k1: 0.0423869563923772 
    k2: -0.3444237760994792 
    p1: 0.0012236899799753097 
    p2: -0.0001367895599453292 
    k3: 0.0
    width: 1920
    height: 1280
    distorted: True
