inherit_from: "configs/mono/waymo/base_config.yaml"

Dataset:
  dataset_path: "datasets/waymo/132384/FRONT"
  Calibration:
    fx: 2074.688584513151 
    fy: 2074.688584513151 
    cx: 939.5983371393419 
    cy: 656.4808608571836
    k1: 0.04536711381257421
    k2: -0.3204129975491483
    p1: 0.0012730263017621405
    p2: -0.0023797115818502052
    k3: 0
    width: 1920
    height: 1280
    distorted: True
